0 1
0 15
0 26
0 61
0 81
0 91
0 108
0 127
0 169
0 196
0 200
0 232
0 236
0 276
0 306
0 310
0 343
0 392
0 457
0 478
1 2
1 10
1 11
1 17
1 19
1 34
1 55
1 56
1 58
1 77
1 145
1 154
1 165
1 182
1 193
1 194
1 205
1 211
1 221
1 223
1 228
1 237
1 299
1 323
1 406
1 412
1 444
1 479
2 3
2 11
2 15
2 17
2 18
2 19
2 20
2 21
2 28
2 36
2 47
2 48
2 50
2 59
2 72
2 79
2 100
2 101
2 105
2 109
2 136
2 142
2 159
2 161
2 179
2 198
2 307
2 309
2 317
2 359
2 409
2 421
2 429
2 451
3 4
3 12
3 19
3 47
3 83
3 87
3 96
3 120
3 159
3 182
3 212
3 215
3 250
3 296
3 325
3 356
3 366
4 5
4 14
4 16
4 24
4 37
4 38
4 43
4 55
4 109
4 189
4 195
4 290
4 309
4 325
4 346
4 355
4 453
5 6
5 10
5 14
5 39
5 114
5 140
5 143
5 191
5 206
5 261
5 276
5 408
5 461
6 7
6 13
6 15
6 23
6 29
6 35
6 54
6 74
6 103
6 148
6 235
6 242
6 279
6 302
6 409
6 454
6 481
7 8
7 10
7 11
7 12
7 14
7 18
7 22
7 25
7 27
7 30
7 31
7 36
7 41
7 42
7 46
7 51
7 52
7 55
7 77
7 88
7 93
7 95
7 104
7 109
7 113
7 134
7 139
7 164
7 194
7 255
7 296
7 308
7 399
7 419
7 441
7 446
7 472
8 9
8 13
8 20
8 30
8 40
8 48
8 49
8 53
8 87
8 142
8 417
8 479
9 28
9 42
9 53
9 54
9 64
9 70
9 73
9 105
9 126
9 149
9 167
9 181
9 254
9 349
10 16
10 18
10 26
10 51
10 66
10 67
10 68
10 69
10 73
10 74
10 85
10 86
10 98
10 154
10 170
10 173
10 190
10 349
10 352
10 374
10 458
10 485
11 12
11 13
11 20
11 23
11 24
11 25
11 27
11 30
11 38
11 50
11 62
11 85
11 90
11 100
11 105
11 125
11 126
11 133
11 137
11 147
11 163
11 199
11 219
11 220
11 222
11 241
11 257
11 263
11 280
11 287
11 296
11 299
11 302
11 306
11 316
11 331
11 340
11 351
11 369
11 371
11 394
11 443
11 466
11 471
11 482
12 16
12 28
12 32
12 80
12 98
12 155
12 165
12 186
12 229
12 331
13 21
13 31
13 33
13 45
13 60
13 112
13 116
13 131
13 156
13 241
13 243
13 371
13 388
14 22
14 32
14 122
14 192
14 196
14 199
14 231
14 347
14 351
14 358
14 436
14 447
14 491
14 496
15 32
15 33
15 49
15 56
15 90
15 364
15 368
15 436
15 486
15 487
16 17
16 25
16 56
16 71
16 96
16 216
16 245
16 285
16 291
16 373
17 27
17 29
17 41
17 57
17 62
17 76
17 111
17 124
17 137
17 168
17 193
17 225
17 292
17 421
17 432
18 23
18 29
18 31
18 35
18 47
18 60
18 75
18 80
18 97
18 168
18 174
18 203
18 210
18 214
18 249
18 294
18 335
18 384
18 391
18 462
18 464
18 474
19 21
19 26
19 34
19 48
19 50
19 63
19 65
19 81
19 97
19 118
19 132
19 135
19 141
19 161
19 193
19 216
19 247
19 328
19 381
19 418
19 491
20 41
20 52
20 118
20 166
20 297
20 388
20 430
21 22
21 24
21 113
21 148
21 181
21 224
21 266
21 416
22 46
22 112
22 123
22 180
22 207
22 251
22 321
22 389
22 411
22 463
22 496
23 38
23 39
23 42
23 44
23 52
23 57
23 59
23 114
23 119
23 147
23 281
23 301
23 469
23 484
24 40
24 43
24 60
24 63
24 66
24 69
24 70
24 102
24 107
24 110
24 115
24 123
24 217
24 222
24 263
24 281
24 284
24 287
24 304
24 306
24 337
24 339
24 386
24 389
24 397
24 450
24 452
24 470
24 485
25 497
26 34
26 40
26 45
26 94
26 143
26 148
26 151
26 157
26 166
26 212
26 238
26 300
26 425
26 452
26 494
27 96
27 324
27 361
27 368
27 458
28 75
28 496
29 36
29 58
29 83
29 94
29 99
29 203
29 231
29 236
29 311
29 341
29 443
29 448
29 455
30 33
30 45
30 57
30 62
30 69
30 84
30 88
30 107
30 110
30 127
30 138
30 149
30 162
30 176
30 185
30 205
30 211
30 216
30 229
30 235
30 240
30 247
30 270
30 274
30 278
30 298
30 313
30 379
30 391
30 430
30 472
30 474
31 37
31 44
31 51
31 319
31 363
31 384
31 403
32 35
32 46
32 160
32 222
32 224
32 250
32 455
33 37
33 43
33 65
33 67
33 80
33 98
33 108
33 122
33 154
33 192
33 221
33 326
33 342
33 347
33 350
33 360
34 39
34 58
34 64
34 93
34 124
34 139
34 158
34 195
34 197
34 270
34 303
34 307
34 308
34 323
34 328
34 349
34 428
35 44
35 59
35 91
35 140
35 142
35 220
35 275
35 412
35 488
36 72
36 90
36 121
36 153
36 184
36 492
36 495
37 67
37 73
37 84
37 87
37 255
37 295
37 300
37 345
37 380
37 397
37 431
37 451
38 53
38 78
38 79
38 107
38 187
38 227
38 389
39 49
39 101
39 102
39 119
39 152
39 153
39 207
39 239
39 286
39 338
39 418
40 64
40 305
40 483
41 79
41 85
41 134
41 178
41 261
41 288
41 317
41 332
41 335
41 336
41 339
41 420
41 440
42 97
42 117
42 132
42 141
42 227
42 317
42 320
42 439
42 454
43 86
43 94
43 235
44 54
44 81
44 188
44 383
44 434
45 106
45 122
45 135
45 327
46 82
46 346
47 82
47 95
47 166
47 233
47 445
47 476
48 66
48 86
48 125
48 137
48 138
48 162
48 172
48 174
48 194
48 220
48 244
48 248
48 264
48 285
48 326
48 390
48 398
48 414
48 455
49 144
49 190
49 271
49 333
49 499
50 68
50 70
50 139
50 259
50 334
51 106
51 120
51 130
51 152
51 157
51 162
51 236
51 244
51 358
51 393
51 410
51 486
52 152
52 182
52 191
52 258
52 404
52 449
53 65
53 102
53 104
53 108
53 117
53 157
53 173
53 177
53 229
53 277
53 341
53 346
53 404
54 61
54 201
54 357
55 63
55 71
55 82
55 91
55 321
56 61
56 110
56 121
56 128
56 129
56 146
56 150
56 164
56 315
56 348
57 89
57 362
57 477
58 95
58 187
58 249
58 354
58 495
59 92
59 128
59 130
59 228
59 255
59 465
60 272
60 278
60 396
61 71
61 120
61 172
61 233
61 271
61 281
61 325
61 360
61 399
61 400
61 402
62 99
62 128
62 151
62 254
62 283
62 291
62 460
63 89
63 92
63 106
63 112
63 131
63 201
63 211
63 232
63 240
63 282
63 353
63 355
63 381
63 425
63 445
65 68
65 116
65 209
65 230
65 387
65 477
65 490
66 223
67 155
67 172
67 178
67 275
67 288
67 344
67 375
68 72
68 241
68 352
68 415
69 76
69 78
69 132
69 144
69 145
69 151
69 357
69 407
70 74
70 88
70 103
70 129
70 150
70 284
70 323
70 400
70 489
72 75
72 76
72 78
72 83
72 89
72 121
72 123
72 343
72 358
72 453
72 457
73 77
73 171
73 175
73 217
73 468
73 497
74 84
74 274
74 378
74 485
75 342
75 447
76 93
76 212
76 308
76 359
77 149
77 441
77 450
78 92
78 160
78 237
78 270
78 312
78 322
79 99
80 476
80 478
81 115
81 116
81 178
81 202
81 264
81 272
81 362
81 394
81 395
81 415
81 420
81 462
82 171
83 103
83 265
83 322
83 370
84 199
84 366
84 424
85 117
85 156
85 204
85 407
86 200
86 240
86 438
87 130
87 234
87 249
87 267
87 297
87 345
88 133
88 164
88 171
88 248
88 266
89 208
90 305
91 104
91 203
91 204
91 231
91 405
91 444
91 498
92 144
92 163
92 256
92 300
92 457
93 363
93 417
93 497
94 429
95 353
96 101
96 113
96 252
97 188
97 279
97 293
97 328
97 355
97 411
97 451
97 488
97 490
98 100
98 267
98 341
98 498
99 111
99 124
99 153
99 181
99 218
99 320
100 111
101 131
101 258
101 273
101 404
102 170
103 207
103 340
103 410
104 388
106 118
106 227
106 292
106 484
107 286
108 136
108 160
108 202
108 275
109 159
109 319
109 437
109 494
110 127
110 141
110 163
110 175
110 265
110 266
110 318
110 354
110 379
110 390
110 408
110 487
111 129
111 145
111 232
111 373
111 466
111 470
112 114
112 115
112 119
112 143
112 234
112 242
112 282
112 394
113 168
113 435
114 165
115 133
115 134
115 146
115 180
115 210
115 251
115 269
115 293
115 304
115 372
115 383
116 238
116 254
116 362
116 419
117 173
117 174
117 244
117 246
117 252
117 352
117 393
117 423
118 147
118 156
118 291
118 364
118 376
118 425
119 196
119 213
119 263
119 416
119 469
120 283
120 354
120 431
120 473
121 125
121 135
121 187
121 195
121 224
121 246
121 277
121 315
121 339
122 273
122 316
122 327
122 340
122 353
123 126
123 155
123 184
123 221
123 258
124 213
124 217
125 197
125 200
125 226
125 269
125 289
125 330
125 348
125 351
126 150
126 269
126 280
126 314
127 136
127 161
127 179
127 183
127 201
127 234
127 243
127 338
127 475
128 463
129 313
129 461
129 467
130 395
130 471
130 481
131 186
131 299
131 416
131 435
132 158
132 169
132 185
132 189
132 198
132 366
132 403
134 170
135 140
135 158
135 259
135 418
136 218
136 402
137 138
137 185
137 267
137 428
138 343
139 408
140 372
140 384
140 390
140 452
141 169
141 198
141 288
141 464
141 479
142 146
142 214
143 176
143 177
143 191
143 206
143 347
143 472
144 190
144 316
145 499
146 176
147 302
147 487
148 179
148 209
148 262
148 304
148 321
148 324
148 422
148 433
148 434
148 439
149 167
149 253
149 286
150 330
151 215
151 313
151 460
152 167
152 268
152 290
152 342
152 396
152 426
153 262
153 301
154 374
155 209
155 247
155 292
155 412
155 456
156 469
157 206
157 230
157 237
157 405
157 409
158 208
158 329
159 465
161 192
161 268
161 468
162 184
162 188
162 423
163 180
163 214
163 295
166 177
166 205
166 262
167 225
167 256
167 329
167 337
167 476
168 367
169 226
169 233
169 260
169 406
170 175
170 238
170 242
170 365
171 448
171 458
172 186
172 208
172 312
173 204
173 265
174 257
174 309
174 311
174 356
174 382
175 259
175 322
176 183
176 189
176 278
176 413
177 397
178 197
178 257
178 361
179 183
179 202
179 290
179 364
179 370
179 377
179 413
179 423
179 427
180 282
182 213
183 443
184 230
185 223
185 283
185 298
185 449
187 398
187 440
187 480
189 218
189 246
189 294
189 326
189 395
190 324
192 314
192 486
192 495
193 239
193 243
193 250
193 363
193 431
194 251
195 210
196 387
197 219
197 245
197 272
197 305
197 330
197 368
197 427
199 415
199 434
200 465
201 399
202 215
202 274
202 414
202 428
202 478
202 493
203 219
203 253
203 295
203 441
204 226
204 280
205 446
208 260
208 294
208 318
209 461
212 401
213 376
213 442
216 273
216 311
217 279
217 335
217 344
218 475
219 228
219 245
219 333
219 336
219 365
220 256
220 287
220 359
220 377
221 225
221 298
221 301
221 334
222 284
222 327
225 433
226 480
226 483
227 378
228 239
229 459
230 376
231 420
232 297
232 369
232 481
235 253
236 319
237 453
238 385
238 447
239 252
239 381
241 315
241 449
243 268
243 361
246 329
247 248
247 450
249 264
250 350
250 406
251 430
252 493
253 337
254 277
254 303
254 312
254 488
255 403
257 260
257 276
257 314
257 345
257 372
258 261
258 357
259 285
260 293
261 444
262 271
262 334
263 310
263 439
263 484
264 289
264 303
264 318
264 392
264 432
265 365
265 437
267 332
268 437
271 344
272 477
275 348
275 413
278 374
279 336
279 338
279 356
280 289
280 331
280 379
280 385
282 375
285 367
285 414
285 417
286 371
288 454
289 307
289 494
292 473
293 350
293 383
293 491
297 333
297 385
298 310
298 373
298 499
299 378
300 448
301 421
305 332
305 489
307 401
308 392
309 386
311 320
311 429
311 498
314 369
314 370
318 471
319 367
321 391
321 410
322 426
322 489
326 422
328 386
328 474
329 405
336 422
336 459
336 492
337 407
340 360
342 424
343 377
343 387
344 433
344 440
347 445
349 424
350 475
351 393
351 473
353 468
354 456
357 382
357 467
362 400
366 382
366 398
366 401
368 375
371 380
372 463
374 464
376 380
381 411
381 426
381 442
381 446
388 419
390 396
393 402
398 460
400 427
401 490
405 466
406 432
406 438
406 442
407 438
408 480
408 482
410 435
411 436
419 492
420 462
420 493
425 467
431 470
439 456
455 459
458 482
461 483
