0 24
0 85
0 379
0 489
1 57
1 66
1 77
1 109
1 134
1 203
1 356
1 371
1 434
1 459
1 489
2 7
2 57
2 175
2 177
2 178
2 299
2 307
2 464
2 479
3 79
3 212
3 329
3 348
3 498
4 13
4 42
4 99
4 139
4 296
4 392
4 407
5 26
5 62
5 217
5 338
5 426
5 472
5 497
6 93
6 434
7 208
7 211
7 251
7 406
7 476
8 12
8 48
8 121
8 213
8 427
8 466
9 217
9 307
9 341
9 368
9 409
9 449
9 459
10 14
10 97
10 113
10 115
10 155
10 474
11 232
11 282
11 308
11 324
11 494
12 81
12 95
12 211
12 268
12 321
12 331
12 350
13 41
13 146
13 243
13 267
13 378
14 132
14 170
14 275
14 276
14 436
15 74
15 117
15 206
15 262
15 305
15 430
15 444
15 482
16 55
16 61
16 117
16 294
16 400
16 427
17 71
17 228
17 308
17 349
17 397
17 408
17 483
17 487
18 189
18 202
18 435
18 440
19 182
19 234
19 245
19 278
19 491
20 23
20 112
20 124
20 133
20 163
20 253
21 47
21 206
21 311
22 30
22 57
22 82
22 89
22 201
22 299
22 344
22 355
23 74
23 89
23 208
23 223
23 224
23 324
24 203
24 215
24 260
24 326
24 329
24 353
24 452
24 490
25 137
25 162
25 350
25 418
25 487
26 164
26 212
26 288
27 85
27 107
27 110
27 183
27 275
27 346
27 354
27 445
28 39
28 57
28 153
28 268
28 363
28 431
28 436
29 136
29 237
29 252
29 441
30 288
31 52
31 53
31 71
31 238
31 404
32 97
32 174
32 240
33 43
33 140
33 395
34 236
34 239
34 265
34 449
35 130
35 265
35 267
36 217
36 238
36 240
36 434
36 467
36 488
37 255
37 279
38 134
38 301
38 408
38 432
38 440
39 124
39 224
39 251
39 385
40 79
40 186
40 236
40 285
40 383
40 416
40 496
41 286
41 308
41 345
41 437
41 450
42 87
42 102
42 144
42 151
42 403
42 468
43 185
43 225
43 326
43 378
43 421
43 448
44 131
44 220
44 376
45 57
45 108
45 130
45 146
45 191
45 292
45 403
45 440
46 84
46 237
46 284
46 315
46 426
47 210
47 228
47 242
47 393
47 396
47 432
47 437
48 55
48 76
48 149
48 159
48 166
48 202
48 300
48 342
48 356
48 403
48 489
49 50
49 80
49 155
49 263
50 94
50 99
50 226
50 284
50 296
50 312
50 439
50 480
50 497
51 72
51 91
51 227
51 251
51 432
51 487
52 75
52 349
53 121
53 287
53 317
54 77
54 97
54 137
54 138
54 285
54 344
54 355
54 410
54 433
54 489
55 272
55 320
55 348
55 349
55 357
55 487
56 257
56 262
56 394
56 423
57 95
57 109
57 114
57 272
57 290
57 328
57 406
58 232
58 381
58 415
58 444
58 485
59 139
59 165
59 240
59 263
59 271
60 82
60 423
61 62
61 87
61 118
61 405
62 65
62 75
62 324
62 400
62 467
63 96
63 285
63 308
63 312
63 346
64 84
64 190
64 321
64 435
64 446
64 449
65 250
65 284
65 302
65 333
65 375
65 388
65 478
66 180
66 271
66 279
67 76
67 196
67 212
67 288
68 99
68 301
68 340
68 410
69 165
69 212
69 254
69 282
69 314
69 360
69 372
69 413
69 437
70 152
70 153
70 181
70 197
70 212
70 234
70 347
71 114
71 151
71 182
71 237
71 272
71 498
72 182
72 309
72 330
72 363
72 448
73 188
73 222
73 310
73 414
73 460
74 75
74 133
74 149
74 217
74 246
74 386
74 412
74 432
75 124
75 412
75 442
76 86
76 219
76 416
76 439
76 449
76 459
77 149
77 314
77 419
78 131
78 142
78 162
78 164
78 299
78 326
78 407
79 82
79 100
79 166
79 172
79 197
79 342
79 353
79 472
80 84
80 85
80 203
80 224
81 231
81 259
81 271
81 283
81 453
81 461
81 472
82 213
82 483
83 95
83 109
83 341
83 364
83 387
84 170
84 452
85 135
85 170
85 252
85 278
86 112
86 153
86 333
86 455
86 498
87 114
87 204
87 293
87 327
88 250
88 320
88 370
89 101
89 113
89 124
89 295
89 334
89 365
89 425
89 448
89 474
90 127
90 184
90 332
91 222
91 246
91 296
91 309
91 313
91 453
92 314
92 380
92 446
94 399
94 479
95 120
95 418
95 481
96 173
96 197
96 259
96 361
97 157
97 166
97 237
97 372
98 152
98 393
98 398
99 123
99 197
99 304
99 322
99 350
100 131
100 155
100 244
100 365
100 394
100 411
101 309
101 454
102 135
102 191
102 292
102 314
102 359
102 477
103 160
103 197
103 211
103 439
103 453
103 480
104 219
104 268
104 296
105 183
105 245
105 392
106 125
106 333
106 372
106 446
107 199
107 275
107 291
107 375
107 477
108 110
108 229
108 489
109 253
109 331
109 405
109 447
110 149
110 242
110 323
110 348
110 376
111 205
111 247
111 295
112 390
112 411
112 430
113 133
113 151
113 155
113 160
113 193
113 283
114 191
114 193
114 275
114 413
114 481
115 142
115 248
115 302
115 345
115 364
115 424
115 447
116 487
117 132
117 141
117 184
118 161
118 185
118 203
118 215
118 229
118 404
118 425
119 138
119 202
120 151
120 190
120 323
120 371
120 468
121 249
121 411
122 154
122 181
122 233
122 303
122 309
122 399
122 412
123 229
123 343
123 421
123 497
124 445
125 178
125 206
125 325
125 382
125 389
125 414
125 443
125 492
126 270
126 271
126 345
126 360
126 394
127 274
127 345
127 357
127 466
128 231
128 433
129 200
130 159
130 290
130 312
130 481
131 311
132 369
132 492
133 189
133 319
134 196
134 219
134 267
134 385
134 415
134 489
135 183
135 210
135 257
135 405
135 440
136 242
136 357
136 401
136 478
137 204
137 247
137 284
137 302
137 329
137 389
137 454
137 477
138 154
138 308
138 328
138 407
138 443
139 157
139 244
139 327
139 343
139 344
140 160
140 211
140 258
140 322
140 384
140 423
140 462
140 478
140 494
141 357
141 377
141 392
141 435
141 477
142 236
142 307
142 315
142 329
142 498
143 241
143 303
143 398
143 440
143 476
144 168
144 261
144 314
144 391
144 450
144 485
145 152
145 250
145 256
145 338
145 394
146 185
146 378
147 210
147 433
148 262
148 434
148 461
149 168
149 254
149 321
149 362
149 418
149 486
150 151
150 336
150 441
151 286
151 359
151 436
151 475
152 255
152 258
152 316
153 164
153 276
154 213
154 286
154 296
155 239
155 243
156 159
156 161
156 192
156 379
156 442
157 162
157 169
157 202
157 331
157 365
158 281
158 353
158 357
158 429
158 492
159 298
159 321
159 360
160 211
160 237
160 241
160 258
160 265
160 275
160 359
161 208
161 244
161 286
161 382
161 431
162 218
162 234
162 287
162 310
162 498
163 239
163 254
163 470
164 239
164 310
164 314
164 361
164 390
164 393
164 430
164 436
164 442
165 221
165 255
165 440
165 485
166 439
166 485
166 489
167 229
167 332
168 278
168 360
168 385
168 449
169 461
170 175
170 243
170 281
170 284
170 342
171 231
171 234
171 372
172 174
172 184
172 197
172 250
172 336
172 341
172 371
172 402
172 422
173 177
173 197
173 261
173 446
173 466
174 215
174 385
174 398
175 188
175 209
175 308
175 390
175 431
175 457
175 470
175 475
175 482
176 222
176 387
176 443
177 247
177 287
177 293
178 233
178 248
178 472
179 323
179 452
180 186
180 202
180 226
180 359
180 415
180 496
181 200
181 251
181 468
182 202
182 294
182 354
182 415
182 442
183 276
183 323
183 350
183 373
183 424
183 433
183 455
183 481
184 274
184 316
184 376
184 392
184 463
185 187
185 196
185 230
185 327
185 422
185 437
186 221
186 249
186 290
186 333
186 363
186 428
187 215
187 272
187 376
187 483
188 201
188 274
188 378
188 464
189 219
189 298
189 413
189 445
190 250
190 255
190 270
190 281
190 346
190 418
191 305
191 493
194 201
194 239
194 327
194 413
194 415
194 430
195 261
195 408
195 420
195 455
195 458
196 212
196 236
196 366
196 415
196 417
197 291
197 453
197 459
198 225
198 254
198 302
198 369
199 307
199 411
199 428
199 436
200 242
200 264
200 392
200 407
200 444
200 453
201 228
201 293
201 296
201 363
201 424
201 469
201 471
201 493
202 397
203 207
203 243
203 261
203 390
204 254
204 310
204 315
204 431
205 313
205 373
205 465
206 315
206 317
206 423
206 426
207 364
207 368
207 437
207 476
208 418
208 480
209 308
209 465
209 481
209 498
210 215
210 356
210 438
210 442
211 284
211 307
211 394
211 426
212 258
212 366
212 434
212 468
213 304
213 436
214 278
214 344
214 411
214 477
214 486
215 318
215 391
216 300
216 336
216 412
216 446
217 219
217 337
218 374
218 466
219 254
219 283
220 265
220 299
220 322
221 243
221 447
221 498
222 301
222 349
222 361
222 409
223 328
224 255
224 298
224 409
224 489
225 379
225 420
226 249
226 393
226 422
226 433
227 283
227 434
227 475
227 482
227 499
228 284
228 320
228 342
228 430
229 257
229 320
229 324
229 477
231 294
231 350
231 382
232 424
232 464
233 236
233 288
233 313
233 452
234 257
234 269
234 338
234 367
234 374
234 377
234 391
234 469
234 483
234 496
235 260
235 314
235 429
236 273
237 369
237 441
237 465
238 311
238 385
239 327
239 371
240 305
240 347
240 489
241 243
241 266
241 293
241 436
241 461
241 477
243 417
243 481
244 306
245 301
245 336
245 363
245 397
246 320
246 324
246 419
246 478
247 339
247 389
247 433
247 450
247 489
248 260
248 291
248 380
248 399
248 409
248 493
249 253
249 323
250 295
250 338
251 335
251 337
252 370
253 257
253 327
253 338
254 310
254 381
255 275
255 324
255 398
256 310
257 267
257 300
257 320
257 344
257 422
257 432
258 392
259 300
259 344
259 354
260 278
260 476
260 480
261 338
262 385
262 398
263 290
263 292
264 336
264 399
264 454
266 490
267 492
268 379
268 380
268 453
269 455
270 457
270 492
271 346
271 379
271 419
272 327
272 359
272 387
272 419
273 419
273 424
274 334
274 424
275 316
275 334
275 354
275 429
275 456
275 459
276 327
278 348
280 419
281 324
281 469
281 491
282 309
282 358
282 403
282 404
283 289
283 303
284 311
284 395
284 401
284 429
284 454
284 484
285 351
285 382
285 434
285 444
285 452
286 311
286 313
286 479
287 325
288 343
288 432
289 291
290 340
290 462
290 491
290 498
291 323
291 361
291 437
292 301
292 342
292 385
293 346
293 350
294 459
295 302
295 374
295 476
296 346
296 360
296 386
296 419
296 429
298 337
298 438
299 419
299 448
299 458
300 452
301 328
301 397
301 406
301 435
301 486
301 488
302 408
303 347
303 374
303 469
303 481
304 355
304 488
305 347
305 353
305 395
305 468
307 317
307 345
307 388
308 346
308 370
309 312
309 409
309 441
309 474
310 350
310 361
311 349
311 393
311 477
312 364
312 382
312 473
313 401
313 410
313 445
313 451
314 363
314 374
314 454
315 418
316 480
316 481
318 382
318 452
318 490
319 360
319 365
319 410
319 425
320 418
321 359
321 389
322 433
322 477
323 365
323 419
323 432
325 351
325 447
325 477
327 363
327 437
327 489
328 331
328 361
328 409
329 363
329 417
329 498
330 498
331 495
332 357
333 348
333 479
333 487
333 489
334 382
334 397
334 441
334 449
334 488
335 352
335 445
335 484
335 493
336 489
337 380
337 385
338 355
338 483
339 444
340 407
340 473
341 376
341 382
341 407
341 411
341 440
342 455
343 426
344 357
344 431
346 360
347 374
347 446
347 454
348 365
348 479
349 355
349 459
349 472
350 432
350 494
353 357
353 367
353 372
353 381
353 420
353 481
354 370
354 377
354 426
354 478
355 421
356 407
357 365
357 391
357 411
357 450
358 464
360 439
362 371
362 401
363 367
363 428
364 462
365 409
365 415
365 475
366 401
367 371
367 407
367 493
368 430
368 441
368 448
369 372
369 479
369 486
370 442
370 458
370 479
372 432
372 485
373 455
374 394
375 390
375 406
375 486
376 393
377 499
379 380
379 399
379 446
379 461
379 479
380 396
380 402
380 410
381 482
382 441
383 431
384 449
384 458
385 409
385 492
385 497
386 436
386 482
387 392
387 416
387 486
388 400
388 496
389 411
391 465
392 424
393 435
393 457
394 421
395 399
395 463
397 447
398 400
399 401
399 407
402 416
402 428
402 461
402 468
403 474
404 455
404 477
405 459
407 408
408 448
408 457
408 467
410 446
411 493
412 480
413 429
414 439
414 445
415 425
418 421
421 474
421 485
421 493
422 434
424 474
424 485
425 451
425 459
425 494
427 465
428 441
428 453
428 484
428 497
429 472
430 472
433 499
435 450
436 449
436 453
445 466
450 451
450 458
450 496
456 470
463 476
463 496
474 491
476 481
476 489
477 482
478 499
479 493
482 494
